OHSU62
[87124616, 87152597, 87258095, 87209897]
[87289182, 87289192, 87186889, 87289191]
[]

OHSU25
[87070337, 87085660, 87200561, 87131823, 87065639]
[87324564, 87153621, 87240095, 87287770, 87310529]
[]

OHSU61
[87316326, 87181409, 87097517, 87316320, 87114244, 87322900]
[87202778, 87317321, 87097528, 87140272, 87230134, 87246351]
[]

OHSU26
[87320462, 87309619, 87186886, 87192032, 87267355, 87097278]
[87309619, 87192032, 87267355, 87307807, 87235544, 87186886]
[87309619, 87186886, 87192032, 87267355]

OHSU60
[87316330, 87055275, 87124892, 87234845, 87237893, 87114243]
[87274454, 87175910, 87325278, 87126155, 87203109, 87114425]
[]

OHSU23
[87151456, 87323774, 87134848, 87272420, 87243872, 87272980, 87207928, 87296074, 87111403, 87106499, 87247938, 87106501]
[87155941, 87227605, 87163080, 87206572, 87111687, 87116770, 87134848, 87097508, 87147885, 87309491, 87238760, 87309492]
[87134848]

OHSU24
[87175255, 87214873, 87320787, 87137792, 87265172, 87104904, 87207482, 87200425, 87113028, 87101842, 87168510, 87254549]
[87214873, 87254547, 87254549, 87248116, 87265172, 87128415, 87104904, 87057513, 87207482, 87300420, 87168510, 87137792]
[87214873, 87137792, 87265172, 87104904, 87207482, 87168510, 87254549]

OHSU21
[87212454, 87241840, 87125460, 87160218, 87210369, 87206473, 87090638, 87274491, 87143232, 87203109, 87052435, 87256532, 87147436, 87070103, 87114425, 87274453, 87149399, 87234623, 87145769, 87160200, 87230434]
[87114425, 87203109, 87052435, 87318106, 87173508, 87206443, 87175910, 87143232, 87067092, 87241840, 87289199, 87246007, 87125460, 87234623, 87090638, 87274454, 87210369, 87241812, 87057611, 87234608, 87091188]
[87241840, 87125460, 87210369, 87090638, 87143232, 87203109, 87052435, 87114425, 87234623]

OHSU22
[87301287, 87068419, 87289436, 87110290, 87153024, 87124342]
[87197462, 87243874, 87140214, 87240496, 87161190, 87153024]
[87153024]

OHSU20
[87055094, 87079404, 87325284, 87191661, 87303579, 87097184, 87192199]
[87325284, 87097184, 87055094, 87191661, 87132819, 87219537, 87195451]
[87055094, 87325284, 87191661, 87097184]

OHSU63
[87153292, 87191714, 87220025, 87320116]
[87323160, 87268980, 87243790, 87288793]
[]

OHSU19
[87230435, 87169503, 87288562, 87199147, 87311494, 87199154, 87100315]
[87288562, 87296483, 87163539, 87237896, 87174332, 87091168, 87091163]
[87288562]

OHSU18
[87273108, 87182264, 87240759, 87098930, 87269847, 87277988, 87130614, 87148016, 87107363, 87318478, 87168575, 87176401, 87255262, 87077380, 87285506, 87318488, 87301261, 87301229]
[87142919, 87318488, 87070035, 87098930, 87219721, 87267137, 87243885, 87124612, 87077380, 87318629, 87318478, 87107363, 87163605, 87159151, 87176402, 87323163, 87192483, 87124737]
[87098930, 87107363, 87318478, 87077380, 87318488]

OHSU17
[87132437, 87148018, 87193219, 87274739]
[87238692, 87148023, 87283621, 87141017]
[]

OHSU16
[87324800, 87065523, 87226497, 87097688, 87121303, 87061271, 87141428, 87316434, 87209635, 87311967, 87284248, 87077299, 87215060]
[87284248, 87284201, 87235548, 87178658, 87075161, 87154515, 87077299, 87149558, 87325596, 87070022, 87264626, 87074725, 87325736]
[87284248, 87077299]

OHSU12
[87249110, 87085858, 87212268, 87228899, 87210263, 87169943]
[87169943, 87210263, 87085858, 87249110, 87132462, 87313828]
[87249110, 87085858, 87210263, 87169943]

OHSU13
[87226452, 87116941, 87323096, 87110258, 87214525, 87325802, 87224527, 87281174, 87175263, 87269936, 87243283, 87157534, 87076935, 87225949, 87223175, 87121485, 87296202, 87186171, 87138394, 87079257, 87158479]
[87281174, 87167363, 87299600, 87110258, 87202880, 87214525, 87243283, 87269286, 87138394, 87225949, 87224527, 87186171, 87077843, 87099080, 87311937, 87223175, 87144448, 87240559, 87287097, 87195883, 87127653]
[87110258, 87214525, 87224527, 87281174, 87243283, 87225949, 87223175, 87186171, 87138394]

OHSU51
[87313972, 87168569, 87269883, 87320030, 87201814, 87187049, 87197446, 87098985, 87232753, 87074556, 87130630, 87187023, 87144519, 87182692, 87197462, 87320020, 87320024, 87127113]
[87282663, 87320020, 87288535, 87170568, 87140221, 87182692, 87232753, 87320019, 87269883, 87186930, 87320024, 87320021, 87102454, 87154815, 87320017, 87284270, 87313556, 87079781]
[87269883, 87232753, 87182692, 87320020, 87320024]

OHSU14
[87212421, 87129360, 87210388, 87060684, 87316176, 87181781, 87169464, 87267876]
[87316176, 87181781, 87210388, 87102474, 87065530, 87239713, 87060684, 87079254]
[87210388, 87060684, 87316176, 87181781]

OHSU50
[87225461, 87281226, 87063084, 87132547, 87111995, 87245664, 87058619, 87245666, 87074992, 87079788, 87070524, 87126072, 87126055, 87297032, 87251856, 87260487, 87154558, 87110321, 87211380, 87115234]
[87245662, 87245661, 87073491, 87110321, 87296883, 87245666, 87245664, 87251864, 87206343, 87268887, 87217585, 87133030, 87245660, 87132565, 87250119, 87130370, 87126072, 87154558, 87266835, 87097175]
[87245664, 87245666, 87126072, 87154558, 87110321]

OHSU15
[87202274, 87070096, 87288554, 87200548, 87282184, 87310301]
[87282184, 87202274, 87288564, 87254055, 87288565, 87065558]
[87202274, 87282184]

OHSU10
[87110886, 87215782, 87069371, 87183439, 87183754, 87269476, 87139867]
[87240570, 87069371, 87149355, 87269473, 87139867, 87155642, 87274019]
[87069371, 87139867]

OHSU11
[87130528, 87111698, 87139652, 87142917, 87187045, 87111711, 87301251, 87051243, 87130584, 87197456, 87225111, 87130551, 87102456, 87253256, 87140198, 87139647, 87140200, 87301232]
[87301251, 87143072, 87225112, 87145431, 87301295, 87225120, 87084801, 87293527, 87189722, 87243927, 87318572, 87261478, 87092971, 87230331, 87062585, 87111692, 87142917, 87243935]
[87142917, 87301251]

OHSU57
[87225360, 87197122, 87209636, 87209897]
[87209636, 87225360, 87210022, 87289434]
[87225360, 87209636]

OHSU56
[87077850, 87159185, 87308859, 87102461]
[87290546, 87097293, 87077850, 87132818]
[87077850]

OHSU59
[87104907, 87281427, 87323774, 87158545, 87134848, 87161181, 87217137, 87247938, 87067993, 87110505]
[87102255, 87067993, 87317295, 87247938, 87232720, 87161181, 87153426, 87161188, 87313979, 87239064]
[87161181, 87247938, 87067993]

OHSU58
[87109372, 87234635, 87292378]
[87052435, 87114425, 87160200]
[]

OHSU53
[87127168, 87316241, 87309420, 87110801, 87167188, 87304917]
[87127168, 87182521, 87110523, 87132011, 87274464, 87110529]
[87127168]

OHSU52
[87217604, 87231483, 87238691, 87268870, 87275100]
[87275100, 87238287, 87188757, 87179518, 87147986]
[87275100]

OHSU55
[87207409, 87079409, 87210225, 87207410, 87207411, 87126137, 87254541, 87267710, 87205794, 87117888]
[87081544, 87243240, 87211918, 87153050, 87077306, 87297479, 87070585, 87324515, 87132429, 87325482]
[]

OHSU54
[87292323, 87160158, 87325049, 87183626, 87172888, 87172889, 87202343, 87156110]
[87116338, 87183626, 87292322, 87156110, 87325049, 87292323, 87184736, 87160158]
[87292323, 87160158, 87325049, 87183626, 87156110]

OHSU1
[87316326, 87202778, 87157536, 87157537, 87097544, 87316316]
[87316316, 87157536, 87114238, 87316318, 87316322, 87227754]
[87157536, 87316316]

OHSU2
[87230756, 87076950, 87254296, 87058538, 87083927, 87309677, 87198965, 87312037, 87065512, 87057614, 87102503]
[87079247, 87058538, 87324032, 87198965, 87057614, 87230756, 87265157, 87264747, 87309677, 87239847, 87154262]
[87230756, 87058538, 87309677, 87198965, 87057614]

OHSU49
[87155539, 87113047, 87155820, 87252428, 87093733, 87182194, 87169942, 87226559, 87233612, 87147901, 87324456, 87117269, 87325467, 87295956]
[87245076, 87227070, 87113040, 87169942, 87324521, 87245074, 87066269, 87155820, 87267613, 87071066, 87181757, 87265165, 87292327, 87113047]
[87113047, 87155820, 87169942]

OHSU9
[87090179, 87097505, 87186146, 87158184, 87283585, 87272399, 87210428, 87274428, 87077394, 87097496]
[87162582, 87304892, 87081532, 87118262, 87202885, 87282757, 87098963, 87240483, 87185844, 87052488]
[]

OHSU7
[87203237, 87103870, 87153184, 87104937, 87253647, 87124599, 87267477]
[87155656, 87103870, 87201770, 87081515, 87153184, 87284300, 87098077]
[87103870, 87153184]

OHSU8
[87144641, 87172903, 87060268, 87115718, 87258081, 87324556, 87181753, 87315241]
[87272084, 87210745, 87197273, 87228836, 87097411, 87324454, 87308992, 87214043]
[]

OHSU5
[87299569, 87170056, 87097092, 87086987, 87114242, 87316321]
[87210457, 87316321, 87210456, 87086987, 87153566, 87139652]
[87086987, 87316321]

OHSU6
[87158084, 87197453, 87111703, 87242941, 87126140, 87301271]
[87209912, 87129856, 87158465, 87243232, 87258802, 87058575]
[]

OHSU3
[87213431, 87254081, 87325763, 87297073, 87325052, 87282518, 87169516, 87314056, 87116813, 87264624, 87212093, 87311483, 87127362, 87124934, 87154817, 87325485, 87298647, 87283601, 87283604, 87242958, 87270898, 87283613, 87121335]
[87325485, 87242958, 87283604, 87325763, 87270898, 87154817, 87296074, 87264624, 87169516, 87153220, 87283613, 87127362, 87200260, 87270899, 87212094, 87084026, 87141015, 87198514, 87213431, 87155637, 87139668, 87155935, 87223174]
[87213431, 87325763, 87169516, 87264624, 87127362, 87154817, 87325485, 87283604, 87242958, 87270898, 87283613]

OHSU4
[87212275, 87210296, 87153393, 87153394, 87266840, 87153395, 87153396, 87153397, 87153398, 87153399, 87267666, 87153401, 87212280]
[87212280, 87153398, 87153396, 87153401, 87153399, 87127179, 87267666, 87123710, 87153395, 87292119, 87267667, 87167369, 87153397]
[87153395, 87153396, 87153397, 87153398, 87153399, 87267666, 87153401, 87212280]

OHSU40
[87175270, 87104929, 87261882, 87097740, 87098255, 87147978, 87124238, 87303528, 87154138, 87073375, 87152936, 87068462]
[87152936, 87114048, 87227544, 87156164, 87263580, 87309678, 87298784, 87116839, 87114055, 87068363, 87092985, 87124238]
[87124238, 87152936]

OHSU44
[87097328, 87238674, 87313503, 87246007, 87097330, 87159182, 87296660, 87269858]
[87130593, 87269858, 87160404, 87068456, 87097329, 87238847, 87297904, 87097330]
[87097330, 87269858]

OHSU43
[87325433, 87097365, 87110530, 87239050, 87268207, 87268208, 87325286, 87175268, 87195986, 87070032, 87070033, 87154262, 87073860, 87268667]
[87073860, 87070033, 87070032, 87097365, 87154262, 87325286, 87141404, 87296003, 87207461, 87081272, 87168581, 87147910, 87224873, 87153453]
[87097365, 87325286, 87070032, 87070033, 87154262, 87073860]

OHSU42
[87212263, 87175260, 87127089, 87178593]
[87073848, 87182095, 87251243, 87066576]
[]

OHSU41
[87111990, 87275460, 87269485, 87189728]
[87275460, 87073484, 87125055, 87210211]
[87275460]

OHSU48
[87231920, 87292136, 87168245, 87282500, 87151465, 87314001, 87297048, 87099448, 87269439]
[87282500, 87292136, 87239713, 87202924, 87101905, 87114318, 87272078, 87201725, 87125487]
[87292136, 87282500]

OHSU47
[87125394, 87111399, 87240776, 87094393, 87074478, 87256893, 87226599, 87155420, 87114375, 87101884, 87073356, 87084427, 87055358, 87309369, 87239755, 87231501]
[87074478, 87323663, 87309369, 87186290, 87309370, 87111399, 87240776, 87143665, 87239755, 87256893, 87176106, 87058486, 87286014, 87084427, 87113173, 87312140]
[87111399, 87240776, 87074478, 87256893, 87084427, 87309369, 87239755]

OHSU46
[87324361, 87114527, 87143662, 87289271, 87200900, 87250108]
[87210763, 87324361, 87211122, 87200647, 87165595, 87164451]
[87324361]

OHSU45
[87212518, 87070373, 87175260, 87070374, 87070368, 87139660, 87083772]
[87268926, 87310672, 87172918, 87223340, 87153453, 87207449, 87186063]
[]

OHSU38
[87085660, 87310511, 87125505, 87298041, 87101985, 87282516, 87155198, 87172888, 87240108, 87090640, 87155207, 87156095, 87287770, 87172894, 87287771, 87077399]
[87155198, 87320081, 87084613, 87172888, 87110493, 87097387, 87203780, 87155207, 87131902, 87163265, 87140162, 87272729, 87267492, 87181620, 87287770, 87296812]
[87155198, 87172888, 87155207, 87287770]

OHSU39
[87303574, 87303586, 87104976, 87288728, 87282756, 87094594, 87282758, 87323283, 87323287, 87084419, 87317298, 87199100, 87084426, 87203759, 87296070, 87217937]
[87288729, 87324028, 87121845, 87217937, 87154555, 87153574, 87157363, 87289200, 87203759, 87300506, 87060044, 87252731, 87320081, 87288728, 87212258, 87116947]
[87288728, 87203759, 87217937]

OHSU31
[87201761, 87058532, 87170012, 87302652, 87302655, 87181741, 87155706, 87096562, 87140264, 87141596, 87155637, 87079248, 87223174, 87318250, 87254703, 87245272, 87225357, 87138393, 87063007]
[87203767, 87302174, 87058545, 87169853, 87116965, 87120431, 87260986, 87130547, 87240096, 87154705, 87097512, 87117210, 87197573, 87074723, 87104944, 87224115, 87079248, 87250134, 87092282]
[87079248]

OHSU30
[87199692, 87188219, 87267596, 87267597, 87267599, 87219903, 87267603, 87209709, 87209719, 87255400, 87209720, 87209721, 87209723, 87083923, 87312930, 87313831, 87097399]
[87219903, 87209724, 87209720, 87267591, 87124468, 87215007, 87238756, 87249112, 87216810, 87203766, 87229021, 87296071, 87132172, 87235122, 87209718, 87097399, 87267601]
[87219903, 87209720, 87097399]

OHSU33
[87130571, 87234803, 87139861, 87099273, 87234886, 87318559, 87211423, 87073061, 87318560, 87092979, 87308850, 87318572, 87318574, 87110522, 87312042, 87212187, 87094384, 87117886, 87272351, 87261910, 87267731, 87067994]
[87110522, 87267731, 87325495, 87238696, 87073061, 87318559, 87261910, 87113504, 87186128, 87099273, 87212187, 87234886, 87094384, 87318574, 87097272, 87310092, 87272780, 87091167, 87261862, 87127084, 87200109, 87100316]
[87099273, 87234886, 87318559, 87073061, 87318574, 87110522, 87212187, 87094384, 87261910, 87267731]

OHSU32
[87283027, 87063648, 87285880, 87201017, 87110490, 87197360, 87240572, 87132169, 87281742, 87121320, 87325300, 87233610, 87110833, 87165601, 87211792, 87218349, 87238628, 87288824]
[87233606, 87173486, 87181616, 87175104, 87209912, 87229408, 87116257, 87258678, 87197585, 87110833, 87235560, 87295625, 87231910, 87091935, 87112806, 87148634, 87267198, 87068436]
[87110833]

OHSU35
[87125380, 87323663, 87111399, 87186290, 87239755, 87058486, 87050653, 87286014, 87155695, 87182112, 87309369, 87309370, 87240776, 87094393, 87154031, 87101884, 87325426, 87073356, 87143665]
[87309370, 87111399, 87239755, 87058486, 87286014, 87325426, 87312140, 87274439, 87074478, 87101884, 87323663, 87186290, 87143665, 87314925, 87309369, 87147902, 87310498, 87155695, 87240776]
[87323663, 87111399, 87186290, 87239755, 87058486, 87286014, 87155695, 87309369, 87309370, 87240776, 87101884, 87325426, 87143665]

OHSU34
[87102518, 87070380, 87055107, 87182719, 87079944]
[87146096, 87116229, 87224533, 87223341, 87287656]
[]

OHSU37
[87160329, 87302568, 87117277, 87131938, 87175105, 87252706, 87056761, 87324358, 87098108, 87117887, 87052091, 87052093, 87197130, 87292631, 87127107, 87239317, 87250113, 87112822]
[87120754, 87153571, 87269903, 87131938, 87052093, 87075142, 87224115, 87282421, 87132462, 87098108, 87175105, 87239317, 87315207, 87056776, 87203474, 87242233, 87077285, 87155566]
[87131938, 87175105, 87098108, 87052093, 87239317]

OHSU36
[87146148, 87144019, 87165061, 87165063, 87193762, 87193764, 87193766, 87136562, 87211786, 87235549, 87249745, 87155203, 87212682, 87136571, 87230389]
[87167390, 87188206, 87188211, 87128568, 87052105, 87055084, 87052108, 87124878, 87163538, 87124459, 87188212, 87086645, 87124473, 87295726, 87311958]
[]

OHSU27
[87161003, 87249835]
[87153052, 87144431]
[]

OHSU28
[87311458, 87240496, 87289420, 87212501, 87320117, 87153024, 87181509, 87076266, 87243874, 87267576, 87113154, 87124342, 87215521]
[87275130, 87240496, 87099276, 87153024, 87325208, 87197462, 87318481, 87212215, 87161012, 87058792, 87243874, 87299294, 87188151]
[87240496, 87153024, 87243874]

OHSU29
[87323216, 87212094, 87231485, 87124809, 87267462, 87179377, 87323221, 87160170, 87160173, 87062082, 87212268, 87143728, 87324594, 87213448, 87127376, 87274377, 87160157, 87181764, 87074488, 87210110, 87160162]
[87074488, 87283611, 87110337, 87312914, 87178193, 87311479, 87323216, 87160173, 87124809, 87143728, 87267462, 87065530, 87231485, 87181764, 87272326, 87167557, 87059021, 87127376, 87210110, 87212268, 87238634]
[87323216, 87231485, 87124809, 87267462, 87160173, 87212268, 87143728, 87127376, 87181764, 87074488, 87210110]



avg R-precison: 0.25

